8186339
8206707
8207937
8212450
8215806
8216543
8221399
8598134
8605009
8633803
10225432
10247180
10247182
10247183
10247205
15861009
15861011
15867089
15867102
15902356
15923058
15923060
15923065
15923070
15941347
15941378
15942927
15951366
26706871
26706872
26707425
26709618
26712766
26712799
26713475
26714501
26715505
26718513
26719444
26721685
26721978
26724389
26730584
26730700
26730939
26731784
26731853
26736701
26737566
26739823
26739871
26739986
26741311
26741634
26741863
26745886
26745894
26746084
26748429
26748431
26748433
26748435
26748437
26748618
26748695
26748697
26749665
26751193
26752006
26752011
26752368
26752402
26753222
26753300
26753885
26754751
26754859
26758702
26759156
26762842
26764663
26771227
26771277
26772415
26772590
26772912
26773038
26773197
26776657
26776750
26777813
26777832
26777849
26777977
26777985
26777987
26777990
26778652
26787217
26787264
26787321
26787324
26787376
26799803
26799979
26799980
26799982
26800013
26800014
26800017
26800018
26800021
26800023
26800025
26800027
26800030
26800137
26800807
26800808
26804571
26804861
26807539
26808373
26808540
26808627
26808936
26809218
26809635
26810147
26810892
26812912
26813046
26815030
26818201
26819195
26821527
26826016
26827069
26830276
26830281
26830690
26831496
26831588
26831684
26831802
26831809
26831821
26831906
26831912
26832053
26832085
26832118
26832333
26837625
26838906
26838907
26838908
26838909
26838910
26838911
26839682
26839687
26839779
26839944
26839957
26840422
26840452
26840577
26840839
26841619
26841774
26842332
26842369
26842419
26842420
26842515
26842811
26842921
26842958
26843269
26844452
26845863
26846153
26846536
26846545
26846546
26846557
26846570
26846620
26846858
26847014
26847054
26847055
26847075
26847818
26847966
26848505
26848721
26849754
26849966
26850282
26854679
26854844
26857786
26857787
26858503
26858895
26859157
26859402
26860742
26862204
26862676
26863302
26863304
26863352
26864893
26867054
26867315
26867317
26867319
26867416
26867491
26867696
26869796
26871167
26871771
26872154
26872288
26872475
26872832
26873263
26873320
26873337
26873390
26874141
26874623
26874860
26874959
26875403
26875689
26878773
26879470
26879740
26879967
26880346
26880672
26880725
26882231
26882705
26884336
26884337
26884925
26885679
26885730
26886042
26886773
26886844
26887434
26889280
26889303
26889309
26889311
26891411
26893441
26894313
26895989
26895991
26896962
26897233
26898956
26899186
26899211
26901792
26901954
26901970
26902016
26902305
26902378
26902926
26903238
26903273
26903881
26904204
26905644
26908366
26908374
26909307
26910412
26910580
26910582
26910584
26910585
26914652
26914791
26917243
26917244
26917450
33339675
33348279
33348282
33348341
33348380
33348382
33348384
33367833
33372618
33373148
33404746
33447009
33447387
33447413
33447414
33453108
33490883
33514320
33534382
33575818
33597025
33627295
33628565
33631933
33635927
38259716
38259719
38273038
38281600
42735587
42742056
42742477
50026221
52940068
52940069
52940071
56942495
58437893
58443003
66043900
70001245
77500456
80160407
80165128
80165223
80165224
80165228
80168945
80171233
89922606
89965919
95939384
95960625
95960629
95961101
95968540
95971505
95971512
95974704
99056332
100867585
109881181
109883179
109982142
109987620
110000631
110051377
110051459
110059986
110072734
110072960
110082628
110085481
110326522
110573254
110603880
111123292
111123310
111123329
111124577
111126079
111126104
111303934
111306193
111311469
111314494
111325097
116348233
116352841
116352910
116352983
116355610
116355828
116355900
116356536
116356567
116356570
116356717
116356718
116356719
116356720
116356942
116359827
116359831
116359836
116359843
116360701
116364500
116364587
116365917
116366366
116368290
116369281
116369338
116374045
116374065
116374090
116375908
116376022
116376072
116376999
116377079
116379020
116379023
116379315
116379902
116380089
116381325
116381848
116381850
116381894
116381941
116384294
116384299
116384339
116384529
116384536
116384659
116384823
116384887
116384890
116384897
116385004
116385544
116386103
116386134
116386755
116388710
116388822
116388863
116388872
116388901
116388960
116388978
116388979
116388982
116388988
116390030
116391463
116391464
116391497
116391885
116393176
116393177
116393181
116393651
116393654
116396153
116399354
116402121
116402147
116403376
116404208
116405265
116405514
116405591
116406054
116406137
116406140
116406213
116406274
116406275
116406425
116407757
116408405
116409649
116412720
116413093
116416558
116416636
116418424
116420515
116420517
116420518
116420520
116424748
116427301
116427302
116427371
116428435
116429605
116432223
116435038
116439613
116439615
116440262
116440274
116440612
116440614
116450301
116451675
116454986
116455373
116455383
116455510
116455849
116456146
116456147
116456347
116456593
116456815
116456854
116456857
116456858
116456859
116456881
116456883
116456886
116457171
116458158
116458289
116458292
116458365
116458698
116459039
116459040
116459591
116460015
116460920
116460968
116461324
116461919
116461977
116461978
116464889
116465122
116465126
116465133
116465499
116465503
116466766
116467710
116467711
116467763
116467764
116468274
116468407
116470296
116470394
116471336
116473978
116474801
116475077
116475078
116475079
116476449
116476468
116478732
116480733
116483347
116483657
116490960
116492506
116493053
116494001
116494832
116494859
116495634
116495638
116495645
116495646
116495647
116495648
116495650
116495692
116495696
116495700
116495704
116495707
116495710
116495711
116495712
116496277
116498762
116498764
116499423
116499424
116499426
116499709
116500524
116500564
116501121
116501125
116501130
116503375
116503377
116507236
116509352
116510232
116511500
116511573
116511575
116511578
116511582
116511584
116512179
116513970
116513971
116514211
116518259
116519165
116519322
116519570
116519657
116519825
116519863
116519958
116520190
116521952
116522118
116522390
116522738
116522740
116522778
116522779
116522822
116523202
116523205
116523252
116524344
116524362
116524364
116524999
116525511
116526077
116526088
116526090
116526092
116526093
116526094
116527823
116528494
116529880
116531374
116534288
116536574
116536576
116536870
116541956
116542529
116542610
116542611
116544822
116549544
116549734
116549747
116552609
116557964
116559555
116559754
116559756
116559761
116559768
116559772
116559785
116561322
116565505
116567263
116569670
116569672
116573816
116575802
116575803
116575804
116575827
116575839
116578628
116580065
116580068
116580072
116580075
116580125
116581124
116582988
116583126
116583140
116583141
116583661
116583792
116583794
116584259
116584264
116584268
116584270
116584272
116584274
116584277
116584433
116584435
116584437
116584439
116584440
116584499
116584513
116584522
116584524
116584653
116591746
116591747
116591748
116601358
116609722
116609795
116614789
116616358
116616938
116616939
116619577
116623219
116623232
116626612
116626613
116626987
116633361
116633800
116636068
116636657
116637098
116637181
116638540
116639138
116639151
116639820
116642025
116642518
116648448
116648449
116648450
116650001
116650067
116651262
116651475
116651476
116663786
116663863
116664208
116667514
116675109
116675146
116675357
116675591
116680021
116680531
116684460
116686406
116686407
116686409
116686989
116691457
116693204
116693439
116697217
116697273
116699633
116700334
116704067
116704799
116704802
116704993
116705481
116706138
116722698
116730955
116731736
116739453
116742585
116742586
116742587
116742588
116747802
116747947
116748227
116748525
116748861
116749106
116749325
116749578
116751328
116752861
116755099
116755273
116755895
116756952
116757785
116758789
116761583
116765533
116765711
116765747
116774079
116774081
116774324
116774434
116775498
116775500
116775568
116776717
116776906
116778282
116778616
116778982
116779054
116779119
116779631
116782021
116782245
116782545
116783172
116786229
116786430
116786679
116788430
116788898
116793212
116793215
116793228
116793423
116793425
116794877
116795689
116796359
116796618
116797117
116797401
116797457
116797646
116797651
116798752
116799000
116799004
116799005
116799369
116799371
116800749
116800938
116801237
116801302
116801479
116801632
116801794
116801869
116802176
116802210
116802438
116802439
116802733
116803571
116805023
116805345
116805584
116805971
116809006
116817787
116818150
116820893
116834961
116836129
116836166
116836315
116837623
116837640
116838699
116840751
116840819
116842587
116843901
116844857
116844943
116845290
116845594
116845595
116845596
116845947
116845976
116846199
116846204
116846205
116846211
116846323
116846366
116846403
116846597
116846603
116846672
116846887
116846892
116847800
116847808
116847816
116847819
116847835
116847959
116847960
116848061
116848086
116848221
116848222
116848244
116848304
116848305
116848306
116848310
116848337
116848358
116848414
116848428
116848429
116848441
116848492
116848562
116848589
116848772
116848860
116848864
116849516
116849649
116849679
116850097
116850953
116861586
116861599
116872474
116874247
116886785
116887153
116887154
116887257
116887347
116887641
116887830
116887974
116887976
116887977
116888032
116888055
116888432
116888683
116889116
116889156
116890445
116892371
116892372
116892374
116892981
116893121
116893268
116894524
116894857
116894858
116895108
116895236
116895417
116895679
116895826
116896653
116896664
116896855
116896990
116896998
116897000
116897364
116897460
116897461
116897720
116898115
116898290
116898364
116898366
116899052
116903335
116903876
116904037
116904038
116904041
116904172
116904401
116906340
116909887
116910041
116910193
116910194
116910195
116910197
116910223
116910501
116910556
116910584
116910639
116910640
116911336
116911409
116911825
116912703
116912746
116912811
116913028
116913195
116913209
116913430
116913712
116914045
116914112
116914176
116914195
116914365
116914440
116914988
116917981
116918189
116918455
116919156
116919769
116920550
116920687
116920876
116920877
116920878
116924063
116924064
116924065
119044474
119052176
125368395
125370377
130165661
